NAME : /currTSP
COMMENT : This is a tour for the given problem
TYPE : TSP
DIMENSION : 37
EDGE_WEIGHT_TYPE : EXPLICIT
EDGE_WEIGHT_FORMAT: FULL_MATRIX
EDGE_WEIGHT_SECTION
 0	20782	16406	11717	9300	8822	11502	23476	16756	15053	11957	11274	18110	26240	22902	21733	24270	19491	15933	30070	31799	26734	23080	28366	35604	32749	30288	26008	33174	40596	37529	33730	37837	32825	36963	43929	44530
 20782	0	6054	10043	17612	29604	32284	7124	14340	17115	24712	27209	37408	10362	11459	15419	21972	27760	30780	15259	17215	19527	29436	47664	20293	24291	26040	35961	45831	26552	28495	33112	38930	42284	46702	35472	42404
 16406	6054	0	5235	13237	25229	27909	7212	10273	12307	19903	22401	32600	11296	12392	15251	17787	23576	25971	16193	18059	20252	25252	42856	21219	25135	26519	33054	42536	27485	29339	33404	39222	39871	44009	36316	43248
 11717	10043	5235	0	8548	20127	23220	12305	5038	7071	14668	17165	27364	14522	11184	10015	12552	18340	20736	18352	20081	15016	20016	37620	23886	21031	21283	27818	37301	28878	25811	28169	33987	34635	38774	32211	38969
 9300	17612	13237	8548	0	18123	20803	20306	13586	5752	13348	15846	26044	23071	19732	18564	21100	23958	19416	26901	28629	23565	26913	36301	32435	29579	29831	29639	39122	37426	34359	36717	41468	36456	40594	40759	47518
 8822	29604	25229	20127	18123	0	5000	32299	25165	13055	7085	5725	11182	34650	29613	25709	18681	13709	10152	36870	36174	30599	17298	21438	42416	33353	24506	20226	26246	41687	38489	27948	32055	27043	31181	41477	38749
 11502	32284	27909	23220	20803	5000	0	34979	28259	17542	11540	7453	7441	36750	31598	27695	20667	15695	11219	38855	37976	32585	18716	17697	44401	35155	26308	21442	22505	43489	40291	29382	33271	28259	27487	42910	40182
 23476	7124	7212	12305	20306	32299	34979	0	10109	19377	26973	29471	39669	5798	7228	11188	17741	23529	27789	10589	12429	15296	25205	43857	15588	19505	21809	31730	41601	21882	23709	28882	34700	38053	42471	30686	37618
 16756	14340	10273	5038	13586	25165	28259	10109	0	12110	19706	21483	31048	11611	8272	5248	7631	13420	17679	15440	16102	10000	15096	34144	20975	16264	16516	22898	32380	23862	20795	23248	29066	29715	33853	27444	34049
 15053	17115	12307	7071	5752	13055	17542	19377	12110	0	7596	10093	20292	21594	18256	17087	19624	18206	13664	25424	27153	22088	21161	30548	30958	28103	28355	23887	33369	35950	32883	31826	35716	30703	34842	39283	42627
 11957	24712	19903	14668	13348	7085	11540	26973	19706	7596	0	5049	15119	29190	25852	24642	17614	12642	7884	33020	34642	29532	15381	25376	38555	31820	22974	18107	27590	40155	36956	26047	29937	24924	29063	39576	36847
 11274	27209	22401	17165	15846	5725	7453	29471	21483	10093	5049	0	10202	29935	24783	20880	13852	8880	5000	32040	31345	25770	12324	20458	37586	28523	19677	15223	24706	36858	33659	22990	27053	22040	26179	36518	33790
 18110	37408	32600	27364	26044	11182	7441	39669	31048	20292	15119	10202	0	39500	34348	30444	23416	18445	13968	41605	40726	35334	21465	10256	47151	37904	29058	20169	15063	46239	43040	31082	25865	20852	20046	38018	35111
 26240	10362	11296	14522	23071	34650	36750	5798	11611	21594	29190	29935	39500	0	5152	10008	16083	21872	26131	5001	7336	13205	23548	41514	10000	14412	19467	29388	39258	16294	18615	26539	32357	35711	40128	25592	32525
 22902	11459	12392	11184	19732	29613	31598	7228	8272	18256	25852	24783	34348	5152	0	5046	10931	16720	20979	7257	8985	8117	18395	36675	12803	14376	14628	24549	34420	18549	18912	21701	27518	30872	35290	25556	32489
 21733	15419	15251	10015	18564	25709	27695	11188	5248	17087	24642	20880	30444	10008	5046	0	7028	12816	17075	12303	11087	5001	14492	33314	17849	11015	11267	21188	31059	18862	15795	18340	24157	27511	31929	22195	29128
 24270	21972	17787	12552	21100	18681	20667	17741	7631	19624	17614	13852	23416	16083	10931	7028	0	6284	10047	18188	18018	11918	7464	26512	23734	18043	12190	15266	24749	25819	22752	15975	21793	22083	26221	29224	26775
 19491	27760	23576	18340	23958	13709	15695	23529	13420	18206	12642	8880	18445	21872	16720	12816	6284	0	5054	23977	23768	17706	5131	23027	29523	20947	12100	11781	21263	29282	26083	15597	21415	18597	22736	29126	26398
 15933	30780	25971	20736	19416	10152	11219	27789	17679	13664	7884	5000	13968	26131	20979	17075	10047	5054	0	28236	26757	21915	7496	21469	33782	23935	15089	10223	19705	32270	29071	18162	22052	17039	21178	31691	28963
 30070	15259	16193	18352	26901	36870	38855	10589	15440	25424	33020	32040	41605	5001	7257	12303	18188	23977	28236	0	7125	11001	25420	40338	8648	11241	18291	28212	38082	11292	14208	25363	31181	34535	38952	21326	28422
 31799	17215	18059	20081	28629	36174	37976	12429	16102	27153	34642	31345	40726	7336	8985	11087	18018	23768	26757	7125	0	6169	19260	34178	8812	7076	12131	22052	31922	10470	11279	19203	25021	28375	32792	18256	25188
 26734	19527	20252	15016	23565	30599	32585	15296	10000	22088	29532	25770	35334	13205	8117	5001	11918	17706	21915	11001	6169	0	14418	29336	14981	7021	7289	17210	27081	14128	11061	14362	20179	23533	27951	18173	25134
 23080	29436	25252	20016	26913	17298	18716	25205	15096	21161	15381	12324	21465	23548	18395	14492	7464	5131	7496	25420	19260	14418	0	19199	28072	16439	7592	7954	17436	24773	21574	10665	16483	14770	18909	24194	21466
 28366	47664	42856	37620	36301	21438	17697	43857	34144	30548	25376	20458	10256	41514	36675	33314	26512	23027	21469	40338	34178	29336	19199	0	42990	31356	22473	12126	5904	39517	35011	21413	16196	11183	10135	28349	25441
 35604	20293	21219	23886	32435	42416	44401	15588	20975	30958	38555	37586	47151	10000	12803	17849	23734	29523	33782	8648	8812	14981	28072	42990	0	13981	20943	30864	40734	7143	11361	28015	31409	35119	40126	18231	25032
 32749	24291	25135	21031	29579	33353	35155	19505	16264	28103	31820	28523	37904	14412	14376	11015	18043	20947	23935	11241	7076	7021	16439	31356	13981	0	9309	19230	29101	8334	5325	16382	22200	25553	29971	11180	18112
 30288	26040	26519	21283	29831	24506	26308	21809	16516	28355	22974	19677	29058	19467	14628	11267	12190	12100	15089	18291	12131	7289	7592	22473	20943	9309	0	10347	20218	17644	14445	7072	12890	16670	21088	20490	17872
 26008	35961	33054	27818	29639	20226	21442	31730	22898	23887	18107	15223	20169	29388	24549	21188	15266	11781	10223	28212	22052	17210	7954	12126	30864	19230	10347	0	10331	27565	24366	12701	12092	7079	11452	24245	21338
 33174	45831	42536	37301	39122	26246	22505	41601	32380	33369	27590	24706	15063	39258	34420	31059	24749	21263	19705	38082	31922	27081	17436	5904	40734	29101	20218	10331	0	36242	31737	17937	12921	7909	5173	25074	22167
 40596	26552	27485	28878	37426	41687	43489	21882	23862	35950	40155	36858	46239	16294	18549	18862	25819	29282	32270	11292	10470	14128	24773	39517	7143	8334	17644	27565	36242	0	5714	24696	24683	28333	33341	11227	18028
 37529	28495	29339	25811	34359	38489	40291	23709	20795	32883	36956	33659	43040	18615	18912	15795	22752	26083	29071	14208	11279	11061	21574	35011	11361	5325	14445	24366	31737	5714	0	20191	20127	23827	28835	7192	14230
 33730	33112	33404	28169	36717	27948	29382	28882	23248	31826	26047	22990	31082	26539	21701	18340	15975	15597	18162	25363	19203	14362	10665	21413	28015	16382	7072	12701	17937	24696	20191	0	5817	10230	15004	13528	10800
 37837	38930	39222	33987	41468	32055	33271	34700	29066	35716	29937	27053	25865	32357	27518	24157	21793	21415	22052	31181	25021	20179	16483	16196	31409	22200	12890	12092	12921	24683	20127	5817	0	5012	10004	13468	11180
 32825	42284	39871	34635	36456	27043	28259	38053	29715	30703	24924	22040	20852	35711	30872	27511	22083	18597	17039	34535	28375	23533	14770	11183	35119	25553	16670	7079	7909	28333	23827	10230	5012	0	5007	17165	14258
 36963	46702	44009	38774	40594	31181	27487	42471	33853	34842	29063	26179	20046	40128	35290	31929	26221	22736	21178	38952	32792	27951	18909	10135	40126	29971	21088	11452	5173	33341	28835	15004	10004	5007	0	22173	18774
 43929	35472	36316	32211	40759	41477	42910	30686	27444	39283	39576	36518	38018	25592	25556	22195	29224	29126	31691	21326	18256	18173	24194	28349	18231	11180	20490	24245	25074	11227	7192	13528	13468	17165	22173	0	7096
 44530	42404	43248	38969	47518	38749	40182	37618	34049	42627	36847	33790	35111	32525	32489	29128	26775	26398	28963	28422	25188	25134	21466	25441	25032	18112	17872	21338	22167	18028	14230	10800	11180	14258	18774	7096	0
EOF
